
Training Metrics Summary:
metrics/accuracy_top1: 0.6607142686843872
metrics/accuracy_top5: 1.0
fitness: 0.8303571343421936
